# Created by Octave 2.0.16, Mon Jul 15 16:01:06 2002 <jjgrojo@chulapona>
# name: aa
# type: matrix
# rows: 81
# columns: 3
 -4 -4 256
 -3 -4 144
 -2 -4 64
 -1 -4 16
 0 -4 0
 1 -4 16
 2 -4 64
 3 -4 144
 4 -4 256

 -4 -3 144
 -3 -3 81
 -2 -3 36
 -1 -3 9
 0 -3 0
 1 -3 9
 2 -3 36
 3 -3 81
 4 -3 144

 -4 -2 64
 -3 -2 36
 -2 -2 16
 -1 -2 4
 0 -2 0
 1 -2 4
 2 -2 16
 3 -2 36
 4 -2 64

 -4 -1 16
 -3 -1 9
 -2 -1 4
 -1 -1 1
 0 -1 0
 1 -1 1
 2 -1 4
 3 -1 9
 4 -1 16

 -4 0 0
 -3 0 0
 -2 0 0
 -1 0 0
 0 0 0
 1 0 0
 2 0 0
 3 0 0
 4 0 0

 -4 1 16
 -3 1 9
 -2 1 4
 -1 1 1
 0 1 0
 1 1 1
 2 1 4
 3 1 9
 4 1 16

 -4 2 64
 -3 2 36
 -2 2 16
 -1 2 4
 0 2 0
 1 2 4
 2 2 16
 3 2 36
 4 2 64

 -4 3 144
 -3 3 81
 -2 3 36
 -1 3 9
 0 3 0
 1 3 9
 2 3 36
 3 3 81
 4 3 144

 -4 4 256
 -3 4 144
 -2 4 64
 -1 4 16
 0 4 0
 1 4 16
 2 4 64
 3 4 144
 4 4 256

